data {
 x, y
0, 10.4
1, 10.411
2, 10.422
3, 10.432
4, 10.443
5, 10.454
6, 10.465
7, 10.475
8, 10.486
9, 10.497
10, 10.507
11, 10.535
12, 10.563
13, 10.592
14, 10.62
15, 10.648
16, 10.676
17, 10.704
18, 10.732
19, 10.76
20, 10.788
21, 10.815
22, 10.841
23, 10.867
24, 10.894
25, 10.92
26, 10.947
27, 10.973
28, 10.999
29, 11.026
30, 11.052
31, 11.076
32, 11.101
33, 11.125
34, 11.149
35, 11.173
36, 11.197
37, 11.221
38, 11.245
39, 11.269
40, 11.293
41, 11.315
42, 11.336
43, 11.358
44, 11.379
45, 11.4
46, 11.422
47, 11.443
48, 11.465
49, 11.486
50, 11.507
51, 11.526
52, 11.544
53, 11.562
54, 11.581
55, 11.599
56, 11.617
57, 11.636
58, 11.654
59, 11.672
60, 11.691
61, 11.706
62, 11.721
63, 11.736
64, 11.752
65, 11.767
66, 11.782
67, 11.797
68, 11.812
69, 11.828
70, 11.843
71, 11.855
72, 11.867
73, 11.879
74, 11.891
75, 11.904
76, 11.916
77, 11.928
78, 11.94
79, 11.952
80, 11.964
81, 11.974
82, 11.983
83, 11.993
84, 12.002
85, 12.012
86, 12.021
87, 12.031
88, 12.04
89, 12.049
90, 12.059
91, 12.066
92, 12.074
93, 12.081
94, 12.089
95, 12.096
96, 12.104
97, 12.111
98, 12.119
99, 12.126
100, 12.133
101, 12.14
102, 12.146
103, 12.152
104, 12.159
105, 12.165
106, 12.171
107, 12.178
108, 12.184
109, 12.19
110, 12.197
111, 12.202
112, 12.208
113, 12.214
114, 12.219
115, 12.225
116, 12.231
117, 12.236
118, 12.242
119, 12.247
120, 12.253
121, 12.258
122, 12.263
123, 12.268
124, 12.273
125, 12.278
126, 12.283
127, 12.288
128, 12.293
129, 12.298
130, 12.303
131, 12.307
132, 12.311
133, 12.315
134, 12.32
135, 12.324
136, 12.328
137, 12.333
138, 12.337
139, 12.341
140, 12.345
141, 12.349
142, 12.353
143, 12.356
144, 12.36
145, 12.364
146, 12.368
147, 12.371
148, 12.375
149, 12.379
150, 12.382
151, 12.385
152, 12.389
153, 12.392
154, 12.395
155, 12.398
156, 12.401
157, 12.404
158, 12.408
159, 12.411
160, 12.414
161, 12.416
162, 12.419
163, 12.422
164, 12.424
165, 12.427
166, 12.43
167, 12.432
168, 12.435
169, 12.438
170, 12.44
171, 12.442
172, 12.445
173, 12.447
174, 12.449
175, 12.451
176, 12.453
177, 12.455
178, 12.458
179, 12.46
180, 12.462
181, 12.464
182, 12.466
183, 12.467
184, 12.469
185, 12.471
186, 12.473
187, 12.474
188, 12.476
189, 12.478
190, 12.48
191, 12.481
192, 12.482
193, 12.484
194, 12.485
195, 12.486
196, 12.488
197, 12.489
198, 12.49
199, 12.492
200, 12.493
201, 12.494
202, 12.495
203, 12.496
204, 12.497
205, 12.498
206, 12.499
207, 12.5
208, 12.501
209, 12.502
210, 12.503
211, 12.504
212, 12.505
213, 12.505
214, 12.506
215, 12.507
216, 12.508
217, 12.508
218, 12.509
219, 12.51
220, 12.51
221, 12.511
222, 12.511
223, 12.512
224, 12.512
225, 12.512
226, 12.513
227, 12.513
228, 12.514
229, 12.514
230, 12.514
231, 12.515
232, 12.515
233, 12.515
234, 12.515
235, 12.515
236, 12.515
237, 12.516
238, 12.516
239, 12.516
240, 12.516
241, 12.516
242, 12.516
243, 12.516
244, 12.516
245, 12.516
246, 12.516
247, 12.516
248, 12.516
249, 12.515
250, 12.515
251, 12.515
252, 12.515
253, 12.515
254, 12.514
255, 12.514
256, 12.514
257, 12.514
258, 12.513
259, 12.513
260, 12.513
261, 12.512
262, 12.512
263, 12.511
264, 12.511
265, 12.511
266, 12.51
267, 12.51
268, 12.509
269, 12.509
270, 12.508
271, 12.508
272, 12.507
273, 12.507
274, 12.506
275, 12.506
276, 12.505
277, 12.505
278, 12.504
279, 12.504
280, 12.503
281, 12.503
282, 12.502
283, 12.501
284, 12.501
285, 12.5
286, 12.499
287, 12.499
288, 12.498
289, 12.497
290, 12.496
291, 12.496
292, 12.495
293, 12.494
294, 12.493
295, 12.493
296, 12.492
297, 12.491
298, 12.49
299, 12.489
300, 12.489
301, 12.488
302, 12.487
303, 12.486
304, 12.485
305, 12.485
306, 12.484
307, 12.483
308, 12.482
309, 12.481
310, 12.48
311, 12.479
312, 12.478
313, 12.478
314, 12.477
315, 12.476
316, 12.475
317, 12.474
318, 12.473
319, 12.472
320, 12.471
321, 12.47
322, 12.469
323, 12.469
324, 12.468
325, 12.467
326, 12.466
327, 12.465
328, 12.464
329, 12.463
330, 12.462
331, 12.461
332, 12.46
333, 12.459
334, 12.458
335, 12.457
336, 12.456
337, 12.455
338, 12.454
339, 12.453
340, 12.453
341, 12.452
342, 12.451
343, 12.45
344, 12.449
345, 12.448
346, 12.447
347, 12.446
348, 12.445
349, 12.444
350, 12.443
351, 12.442
352, 12.441
353, 12.44
354, 12.439
355, 12.438
356, 12.437
357, 12.436
358, 12.435
359, 12.434
360, 12.433
361, 12.432
362, 12.431
363, 12.43
364, 12.429
365, 12.428
366, 12.427
367, 12.426
368, 12.425
369, 12.424
370, 12.424
371, 12.423
372, 12.422
373, 12.421
374, 12.42
375, 12.419
376, 12.418
377, 12.417
378, 12.416
379, 12.415
380, 12.414
381, 12.413
382, 12.412
383, 12.411
384, 12.41
385, 12.409
386, 12.409
387, 12.408
388, 12.407
389, 12.406
390, 12.405
391, 12.404
392, 12.403
393, 12.402
394, 12.401
395, 12.4
396, 12.4
397, 12.399
398, 12.398
399, 12.397
400, 12.396
401, 12.395
402, 12.394
403, 12.393
404, 12.392
405, 12.392
406, 12.391
407, 12.39
408, 12.389
409, 12.388
410, 12.387
411, 12.386
412, 12.386
413, 12.385
414, 12.384
415, 12.383
416, 12.382
417, 12.381
418, 12.38
419, 12.38
420, 12.379
421, 12.378
422, 12.377
423, 12.376
424, 12.376
425, 12.375
426, 12.374
427, 12.373
428, 12.373
429, 12.372
430, 12.371
431, 12.37
432, 12.37
433, 12.369
434, 12.368
435, 12.367
436, 12.367
437, 12.366
438, 12.365
439, 12.365
440, 12.364
441, 12.363
442, 12.363
443, 12.362
444, 12.361
445, 12.36
446, 12.36
447, 12.359
448, 12.358
449, 12.358
450, 12.357
451, 12.356
452, 12.356
453, 12.355
454, 12.354
455, 12.354
456, 12.353
457, 12.352
458, 12.352
459, 12.351
460, 12.35
461, 12.35
462, 12.349
463, 12.349
464, 12.348
465, 12.347
466, 12.347
467, 12.346
468, 12.346
469, 12.345
470, 12.345
471, 12.344
472, 12.343
473, 12.343
474, 12.342
475, 12.342
476, 12.341
477, 12.341
478, 12.34
479, 12.34
480, 12.339
481, 12.339
482, 12.338
483, 12.338
484, 12.337
485, 12.337
486, 12.336
487, 12.336
488, 12.335
489, 12.335
490, 12.334
491, 12.334
492, 12.333
493, 12.333
494, 12.332
495, 12.332
496, 12.332
497, 12.331
498, 12.331
499, 12.33
500, 12.33
501, 12.329
502, 12.329
503, 12.329
504, 12.328
505, 12.328
506, 12.327
507, 12.327
508, 12.327
509, 12.326
510, 12.326
511, 12.326
512, 12.325
513, 12.325
514, 12.325
515, 12.324
516, 12.324
517, 12.324
518, 12.323
519, 12.323
520, 12.323
521, 12.322
522, 12.322
523, 12.322
524, 12.321
525, 12.321
526, 12.321
527, 12.321
528, 12.32
529, 12.32
530, 12.32
531, 12.32
532, 12.319
533, 12.319
534, 12.319
535, 12.319
536, 12.318
537, 12.318
538, 12.318
539, 12.318
540, 12.318
541, 12.317
542, 12.317
543, 12.317
544, 12.317
545, 12.317
546, 12.317
547, 12.316
548, 12.316
549, 12.316
550, 12.316
551, 12.316
552, 12.316
553, 12.316
554, 12.316
555, 12.315
556, 12.315
557, 12.315
558, 12.315
559, 12.315
560, 12.315
561, 12.315
562, 12.315
563, 12.315
564, 12.315
565, 12.315
566, 12.315
567, 12.315
568, 12.315
569, 12.314
570, 12.314
571, 12.314
572, 12.314
573, 12.314
574, 12.314
575, 12.314
576, 12.314
577, 12.314
578, 12.314
579, 12.314
580, 12.314
581, 12.314
582, 12.314
583, 12.314
584, 12.315
585, 12.315
586, 12.315
587, 12.315
588, 12.315
589, 12.315
590, 12.315
591, 12.315
592, 12.315
593, 12.315
594, 12.315
595, 12.315
596, 12.316
597, 12.316
598, 12.316
599, 12.316
600, 12.316
601, 12.316
602, 12.316
603, 12.316
604, 12.317
605, 12.317
606, 12.317
607, 12.317
608, 12.317
609, 12.317
610, 12.318
611, 12.318
612, 12.318
613, 12.318
614, 12.318
615, 12.319
616, 12.319
617, 12.319
618, 12.319
619, 12.319
620, 12.32
621, 12.32
622, 12.32
623, 12.32
624, 12.321
625, 12.321
626, 12.321
627, 12.321
628, 12.322
629, 12.322
630, 12.322
631, 12.323
632, 12.323
633, 12.323
634, 12.324
635, 12.324
636, 12.324
637, 12.325
638, 12.325
639, 12.325
640, 12.326
641, 12.326
642, 12.326
643, 12.327
644, 12.327
645, 12.328
646, 12.328
647, 12.328
648, 12.329
649, 12.329
650, 12.33
651, 12.33
652, 12.331
653, 12.331
654, 12.331
655, 12.332
656, 12.332
657, 12.333
658, 12.333
659, 12.334
660, 12.334
661, 12.335
662, 12.335
663, 12.336
664, 12.336
665, 12.337
666, 12.337
667, 12.338
668, 12.338
669, 12.339
670, 12.339
671, 12.34
672, 12.34
673, 12.341
674, 12.341
675, 12.342
676, 12.342
677, 12.343
678, 12.343
679, 12.344
680, 12.344
681, 12.345
682, 12.346
683, 12.346
684, 12.347
685, 12.347
686, 12.348
687, 12.349
688, 12.349
689, 12.35
690, 12.35
691, 12.351
692, 12.352
693, 12.352
694, 12.353
695, 12.354
696, 12.354
697, 12.355
698, 12.356
699, 12.356
700, 12.357
701, 12.358
702, 12.358
703, 12.359
704, 12.36
705, 12.361
706, 12.361
707, 12.362
708, 12.363
709, 12.363
710, 12.364
711, 12.365
712, 12.366
713, 12.366
714, 12.367
715, 12.368
716, 12.369
717, 12.369
718, 12.37
719, 12.371
720, 12.372
721, 12.372
722, 12.373
723, 12.374
724, 12.375
725, 12.376
726, 12.376
727, 12.377
728, 12.378
729, 12.379
730, 12.38
731, 12.38
732, 12.381
733, 12.382
734, 12.383
735, 12.384
736, 12.385
737, 12.385
738, 12.386
739, 12.387
740, 12.388
741, 12.389
742, 12.39
743, 12.391
744, 12.391
745, 12.392
746, 12.393
747, 12.394
748, 12.395
749, 12.396
750, 12.397
751, 12.398
752, 12.398
753, 12.399
754, 12.4
755, 12.401
756, 12.402
757, 12.403
758, 12.404
759, 12.405
760, 12.406
761, 12.407
762, 12.407
763, 12.408
764, 12.409
765, 12.41
766, 12.411
767, 12.412
768, 12.413
769, 12.414
770, 12.415
771, 12.416
772, 12.417
773, 12.418
774, 12.419
775, 12.419
776, 12.42
777, 12.421
778, 12.422
779, 12.423
780, 12.424
781, 12.425
782, 12.426
783, 12.427
784, 12.428
785, 12.429
786, 12.43
787, 12.431
788, 12.432
789, 12.432
790, 12.433
791, 12.434
792, 12.435
793, 12.436
794, 12.437
795, 12.438
796, 12.439
797, 12.44
798, 12.441
799, 12.442
800, 12.443
801, 12.444
802, 12.445
803, 12.446
804, 12.447
805, 12.447
806, 12.448
807, 12.449
808, 12.45
809, 12.451
810, 12.452
811, 12.453
812, 12.454
813, 12.455
814, 12.456
815, 12.457
816, 12.457
817, 12.458
818, 12.459
819, 12.46
820, 12.461
821, 12.462
822, 12.463
823, 12.463
824, 12.464
825, 12.465
826, 12.466
827, 12.467
828, 12.468
829, 12.468
830, 12.469
831, 12.47
832, 12.471
833, 12.472
834, 12.472
835, 12.473
836, 12.474
837, 12.475
838, 12.475
839, 12.476
840, 12.477
841, 12.477
842, 12.478
843, 12.479
844, 12.479
845, 12.48
846, 12.481
847, 12.481
848, 12.482
849, 12.483
850, 12.483
851, 12.484
852, 12.484
853, 12.485
854, 12.485
855, 12.486
856, 12.487
857, 12.487
858, 12.488
859, 12.488
860, 12.489
861, 12.489
862, 12.489
863, 12.49
864, 12.49
865, 12.49
866, 12.491
867, 12.491
868, 12.491
869, 12.491
870, 12.492
871, 12.492
872, 12.492
873, 12.492
874, 12.492
875, 12.492
876, 12.492
877, 12.492
878, 12.492
879, 12.492
880, 12.492
881, 12.492
882, 12.492
883, 12.492
884, 12.492
885, 12.491
886, 12.491
887, 12.491
888, 12.491
889, 12.49
890, 12.49
891, 12.489
892, 12.489
893, 12.488
894, 12.488
895, 12.487
896, 12.486
897, 12.486
898, 12.485
899, 12.485
900, 12.484
901, 12.482
902, 12.481
903, 12.48
904, 12.478
905, 12.477
906, 12.475
907, 12.474
908, 12.472
909, 12.471
910, 12.47
911, 12.466
912, 12.463
913, 12.46
914, 12.457
915, 12.453
916, 12.45
917, 12.447
918, 12.444
919, 12.44
920, 12.437
921, 12.431
922, 12.425
923, 12.419
924, 12.414
925, 12.408
926, 12.402
927, 12.396
928, 12.39
929, 12.384
930, 12.378
931, 12.369
932, 12.36
933, 12.351
934, 12.342
935, 12.333
936, 12.324
937, 12.315
938, 12.306
939, 12.297
940, 12.288
941, 12.276
942, 12.264
943, 12.252
944, 12.239
945, 12.227
946, 12.215
947, 12.203
948, 12.19
949, 12.178
950, 12.166
951, 12.151
952, 12.135
953, 12.12
954, 12.104
955, 12.089
956, 12.074
957, 12.058
958, 12.043
959, 12.028
960, 12.012
961, 11.994
962, 11.976
963, 11.957
964, 11.939
965, 11.921
966, 11.902
967, 11.884
968, 11.866
969, 11.848
970, 11.829
971, 11.809
972, 11.788
973, 11.767
974, 11.746
975, 11.725
976, 11.705
977, 11.684
978, 11.663
979, 11.642
980, 11.622
981, 11.599
982, 11.576
983, 11.554
984, 11.531
985, 11.509
986, 11.486
987, 11.464
988, 11.441
989, 11.418
990, 11.396
991, 11.385
992, 11.375
993, 11.364
994, 11.354
995, 11.343
996, 11.332
997, 11.322
998, 11.311
999, 11.301
1000, 11.29

 };
